              0.7           0.0107324                       100

                3           0.0578611                       100

                3           0.0578611                       100

                3           0.0578611                       100

                3           0.0578611                       100

                3           0.0578611                       100

                3           0.0578611                       100

                3           0.0578611                       100

                3           0.0578611                       100

                3           0.0578611                       100

                3           0.0578611                       100

                3             0.07223                       100

                3           0.0578611                       100

                3           0.0578611                       100

                3           0.0578611                       100

                3           0.0578611                       100

                3           0.0578611                       100

                3           0.0578611                       100

                3           0.0578611                       100

                3           0.0578611                       100

                3           0.0578611                       100

                3           0.0578611                       100

                3           0.0660832                       100

                3           0.0578611                       100

                3           0.0578611                       100

                3           0.0578611                       100

                3           0.0578611                       100

                3           0.0578611                       100

                3           0.0578611                       100

                3           0.0578611                       100

                3           0.0578611                       100

                3           0.0578611                       100

                3           0.0578611                       100

                3           0.0578611                       100

                3           0.0578611                       100

                3           0.0578611                       100

                3           0.0578611                       100

                3           0.0578611                       100

                3           0.0578611                       100

                3           0.0578611                       100

                3           0.0578611                       100

                3           0.0578611                       100

                3           0.0578611                       100

                3           0.0578611                       100

                3           0.0578611                       100

                3           0.0578611                       100

                3           0.0578611                       100

                3           0.0578611                       100

                3           0.0578611                       100

                3           0.0578611                       100

                3           0.0578611                       100

                3           0.0578611                       100

                3           0.0578611                       100

                3           0.0578611                       100

                3           0.0578611                       100

                3           0.0578611                       100

                3           0.0578611                       100

                3           0.0578611                       100

                3           0.0578611                       100

                3           0.0578611                       100

                3           0.0578611                       100

                3           0.0578611                       100

                3           0.0578611                       100

                3           0.0578611                       100

                3           0.0578611                       100

                3           0.0578611                       100

                3           0.0578611                       100

                3           0.0578611                       100

                3           0.0578611                       100

                3           0.0578611                       100

                3           0.0578611                       100

                3           0.0578611                       100

                3           0.0578611                       100

                3           0.0578611                       100

                3           0.0578611                       100

                3           0.0578611                       100

                3           0.0578611                       100

                3           0.0578611                       100

                3           0.0578611                       100

                3           0.0578611                       100

                3           0.0578611                       100

                3           0.0578611                       100

                3           0.0578611                       100

                3           0.0578611                       100

                3           0.0578611                       100

                3           0.0578611                       100

                3           0.0578611                       100

                3           0.0578611                       100

                3           0.0578611                       100

                3           0.0578611                       100

                3           0.0578611                       100

                3           0.0578611                       100

                3           0.0578611                       100

                3           0.0578611                       100

                3           0.0578611                       100

                3           0.0578611                       100
